+0.00000 +1.00000 +0.00000 +1.00000
+0.101010 +0.805270 +0.592908 +1.00000
+0.202020 +0.296920 +0.954902 +1.00000
+0.303030 -0.327068 +0.945001 +1.00000
+0.404040 -0.823677 +0.567060 +1.00000
+0.505051 -0.999497 -0.0317279 +1.00000
+0.606061 -0.786053 -0.618159 +1.00000
+0.707071 -0.266474 -0.963842 +1.00000
+0.808081 +0.356886 -0.934148 +1.00000
+0.909091 +0.841254 -0.540641 +1.00000
+1.01010 +0.997987 +0.0634239 +1.00000
+1.11111 +0.766044 +0.642788 +1.00000
+1.21212 +0.235759 +0.971812 +1.00000
+1.31313 -0.386345 +0.922354 +1.00000
+1.41414 -0.857983 +0.513677 +1.00000
+1.51515 -0.995472 -0.0950560 +1.00000
+1.61616 -0.745264 -0.666769 +1.00000
+1.71717 -0.204807 -0.978802 +1.00000
+1.81818 +0.415415 -0.909632 +1.00000
+1.91919 +0.873849 -0.486197 +1.00000
+2.02020 +0.991955 +0.126592 +1.00000
+2.12121 +0.723734 +0.690079 +1.00000
+2.22222 +0.173648 +0.984808 +1.00000
+2.32323 -0.444067 +0.895994 +1.00000
+2.42424 -0.888835 +0.458227 +1.00000
+2.52525 -0.987439 -0.158001 +1.00000
+2.62626 -0.701475 -0.712694 +1.00000
+2.72727 -0.142315 -0.989821 +1.00000
+2.82828 +0.472271 -0.881453 +1.00000
+2.92929 +0.902927 -0.429795 +1.00000
+3.03030 +0.981929 +0.189251 +1.00000
+3.13131 +0.678509 +0.734592 +1.00000
+3.23232 +0.110838 +0.993838 +1.00000
+3.33333 -0.500000 +0.866025 +1.00000
+3.43434 -0.916108 +0.400931 +1.00000
+3.53535 -0.975430 -0.220311 +1.00000
+3.63636 -0.654861 -0.755750 +1.00000
+3.73737 -0.0792500 -0.996855 +1.00000
+3.83838 +0.527225 -0.849725 +1.00000
+3.93939 +0.928368 -0.371662 +1.00000
+4.04040 +0.967949 +0.251148 +1.00000
+4.14141 +0.630553 +0.776146 +1.00000
+4.24242 +0.0475819 +0.998867 +1.00000
+4.34343 -0.553920 +0.832570 +1.00000
+4.44444 -0.939693 +0.342020 +1.00000
+4.54545 -0.959493 -0.281733 +1.00000
+4.64646 -0.605610 -0.795762 +1.00000
+4.74747 -0.0158660 -0.999874 +1.00000
+4.84848 +0.580057 -0.814576 +1.00000
+4.94949 +0.950071 -0.312033 +1.00000
+5.05051 +0.950071 +0.312033 +1.00000
+5.15152 +0.580057 +0.814576 +1.00000
+5.25253 -0.0158660 +0.999874 +1.00000
+5.35354 -0.605610 +0.795762 +1.00000
+5.45455 -0.959493 +0.281733 +1.00000
+5.55556 -0.939693 -0.342020 +1.00000
+5.65657 -0.553920 -0.832570 +1.00000
+5.75758 +0.0475819 -0.998867 +1.00000
+5.85859 +0.630553 -0.776146 +1.00000
+5.95960 +0.967949 -0.251148 +1.00000
+6.06061 +0.928368 +0.371662 +1.00000
+6.16162 +0.527225 +0.849725 +1.00000
+6.26263 -0.0792500 +0.996855 +1.00000
+6.36364 -0.654861 +0.755750 +1.00000
+6.46465 -0.975430 +0.220311 +1.00000
+6.56566 -0.916108 -0.400931 +1.00000
+6.66667 -0.500000 -0.866025 +1.00000
+6.76768 +0.110838 -0.993838 +1.00000
+6.86869 +0.678509 -0.734592 +1.00000
+6.96970 +0.981929 -0.189251 +1.00000
+7.07071 +0.902927 +0.429795 +1.00000
+7.17172 +0.472271 +0.881453 +1.00000
+7.27273 -0.142315 +0.989821 +1.00000
+7.37374 -0.701475 +0.712694 +1.00000
+7.47475 -0.987439 +0.158001 +1.00000
+7.57576 -0.888835 -0.458227 +1.00000
+7.67677 -0.444067 -0.895994 +1.00000
+7.77778 +0.173648 -0.984808 +1.00000
+7.87879 +0.723734 -0.690079 +1.00000
+7.97980 +0.991955 -0.126592 +1.00000
+8.08081 +0.873849 +0.486197 +1.00000
+8.18182 +0.415415 +0.909632 +1.00000
+8.28283 -0.204807 +0.978802 +1.00000
+8.38384 -0.745264 +0.666769 +1.00000
+8.48485 -0.995472 +0.0950560 +1.00000
+8.58586 -0.857983 -0.513677 +1.00000
+8.68687 -0.386345 -0.922354 +1.00000
+8.78788 +0.235759 -0.971812 +1.00000
+8.88889 +0.766044 -0.642788 +1.00000
+8.98990 +0.997987 -0.0634239 +1.00000
+9.09091 +0.841254 +0.540641 +1.00000
+9.19192 +0.356886 +0.934148 +1.00000
+9.29293 -0.266474 +0.963842 +1.00000
+9.39394 -0.786053 +0.618159 +1.00000
+9.49495 -0.999497 +0.0317279 +1.00000
+9.59596 -0.823677 -0.567060 +1.00000
+9.69697 -0.327068 -0.945001 +1.00000
+9.79798 +0.296920 -0.954902 +1.00000
+9.89899 +0.805270 -0.592908 +1.00000
+10.0000 +1.00000 -2.44929e-15 +1.00000
